
Unique real roots found:
x1 = 1.000000
x2 = 2.000000
