x^3-6x^2+11x-6
Roots found:
x1 = 1.000000
x2 = 2.000000
x3 = 3.000000

